np.array([[2.69759317e-03, 8.52632733e-04, 1.04184880e-03, 3.65802688e-03,
        5.05213766e-04],
       [1.09377329e-03, 6.88562630e-04, 8.30683300e-04, 1.73735716e-03,
        2.18169869e-04],
       [7.32479335e-04, 3.02393223e-04, 3.76191365e-04, 8.10938347e-04,
        1.64519106e-04],
       [1.28479865e-04, 1.88127412e-04, 1.65234244e-04, 1.38331078e-04,
        1.00115385e-04],
       [3.92246365e-06, 1.01731048e-04, 9.57639975e-05, 2.91224034e-05,
        5.64889448e-05],
       [2.67541702e-06, 5.65409138e-05, 2.65632102e-05, 1.78949843e-05,
        1.21316768e-05],
       [3.82087686e-06, 1.40959357e-05, 1.61372838e-05, 4.53347770e-05,
        1.40734007e-05],
       [6.50232918e-06, 1.76504207e-05, 4.50205565e-06, 3.36878934e-05,
        1.34352453e-05]])

[3, 4, 5, 7, 10, 14, 19, 27]